# Camera response curve, channel IR
# data layout: log10(response) | camera output | response
# name: IR
# type: matrix
# rows: 256
# columns: 3
 -1.906070e+00    0 1.241453e-02
 -1.906070e+00    1 1.241453e-02
 -1.816275e+00    2 1.526598e-02
 -1.704912e+00    3 1.972820e-02
 -1.577390e+00    4 2.646122e-02
 -1.494742e+00    5 3.200794e-02
 -1.450493e+00    6 3.544108e-02
 -1.379934e+00    7 4.169325e-02
 -1.322770e+00    8 4.755865e-02
 -1.272068e+00    9 5.344811e-02
 -1.225484e+00   10 5.949985e-02
 -1.180961e+00   11 6.592332e-02
 -1.151278e+00   12 7.058660e-02
 -1.108629e+00   13 7.787017e-02
 -1.084974e+00   14 8.222921e-02
 -1.047621e+00   15 8.961467e-02
 -1.024184e+00   16 9.458358e-02
 -9.944379e-01   17 1.012890e-01
 -9.746429e-01   18 1.060125e-01
 -9.477932e-01   19 1.127734e-01
 -9.230372e-01   20 1.193886e-01
 -8.997183e-01   21 1.259742e-01
 -8.793952e-01   22 1.320094e-01
 -8.594611e-01   23 1.382098e-01
 -8.428034e-01   24 1.436139e-01
 -8.223953e-01   25 1.505236e-01
 -7.971770e-01   26 1.595229e-01
 -7.807868e-01   27 1.656583e-01
 -7.561386e-01   28 1.753321e-01
 -7.305048e-01   29 1.859924e-01
 -7.060966e-01   30 1.967448e-01
 -6.574626e-01   31 2.200581e-01
 -6.562749e-01   32 2.206608e-01
 -6.373783e-01   33 2.304738e-01
 -6.230508e-01   34 2.382041e-01
 -5.977269e-01   35 2.525068e-01
 -5.888301e-01   36 2.577329e-01
 -5.742437e-01   37 2.665363e-01
 -5.592489e-01   38 2.758996e-01
 -5.495834e-01   39 2.821088e-01
 -5.414602e-01   40 2.874351e-01
 -5.269701e-01   41 2.971871e-01
 -5.140563e-01   42 3.061567e-01
 -5.085885e-01   43 3.100356e-01
 -4.943059e-01   44 3.204012e-01
 -4.847040e-01   45 3.275639e-01
 -4.752919e-01   46 3.347404e-01
 -4.645765e-01   47 3.431022e-01
 -4.566476e-01   48 3.494237e-01
 -4.481409e-01   49 3.563355e-01
 -4.385590e-01   50 3.642848e-01
 -4.303076e-01   51 3.712721e-01
 -4.200969e-01   52 3.801045e-01
 -4.129809e-01   53 3.863840e-01
 -4.051445e-01   54 3.934191e-01
 -3.983849e-01   55 3.995904e-01
 -3.886164e-01   56 4.086802e-01
 -3.817688e-01   57 4.151751e-01
 -3.730012e-01   58 4.236418e-01
 -3.683127e-01   59 4.282401e-01
 -3.586434e-01   60 4.378815e-01
 -3.535395e-01   61 4.430580e-01
 -3.446609e-01   62 4.522089e-01
 -3.367342e-01   63 4.605383e-01
 -3.333344e-01   64 4.641577e-01
 -3.252494e-01   65 4.728796e-01
 -3.206804e-01   66 4.778808e-01
 -3.128641e-01   67 4.865595e-01
 -3.067260e-01   68 4.934850e-01
 -3.017654e-01   69 4.991540e-01
 -2.936517e-01   70 5.085671e-01
 -2.881351e-01   71 5.150684e-01
 -2.813049e-01   72 5.232329e-01
 -2.760070e-01   73 5.296549e-01
 -2.679253e-01   74 5.396034e-01
 -2.629117e-01   75 5.458689e-01
 -2.578323e-01   76 5.522906e-01
 -2.527577e-01   77 5.587819e-01
 -2.464039e-01   78 5.670171e-01
 -2.381967e-01   79 5.778343e-01
 -2.339574e-01   80 5.835024e-01
 -2.288862e-01   81 5.903558e-01
 -2.244053e-01   82 5.964783e-01
 -2.193674e-01   83 6.034380e-01
 -2.142440e-01   84 6.105989e-01
 -2.075354e-01   85 6.201041e-01
 -2.022912e-01   86 6.276374e-01
 -1.958712e-01   87 6.369845e-01
 -1.920175e-01   88 6.426618e-01
 -1.873484e-01   89 6.496084e-01
 -1.811082e-01   90 6.590097e-01
 -1.777683e-01   91 6.640973e-01
 -1.729325e-01   92 6.715332e-01
 -1.669820e-01   93 6.807976e-01
 -1.621316e-01   94 6.884436e-01
 -1.566203e-01   95 6.972359e-01
 -1.537084e-01   96 7.019265e-01
 -1.491453e-01   97 7.093405e-01
 -1.444310e-01   98 7.170824e-01
 -1.412664e-01   99 7.223266e-01
 -1.375803e-01  100 7.284835e-01
 -1.328227e-01  101 7.365077e-01
 -1.283258e-01  102 7.441735e-01
 -1.242179e-01  103 7.512458e-01
 -1.194902e-01  104 7.594686e-01
 -1.159594e-01  105 7.656682e-01
 -1.108410e-01  106 7.747454e-01
 -1.086850e-01  107 7.786010e-01
 -1.052243e-01  108 7.848302e-01
 -1.008160e-01  109 7.928372e-01
 -9.614578e-02  110 8.014090e-01
 -9.186049e-02  111 8.093559e-01
 -8.686998e-02  112 8.187099e-01
 -8.329459e-02  113 8.254778e-01
 -8.118803e-02  114 8.294916e-01
 -7.725737e-02  115 8.370331e-01
 -7.385632e-02  116 8.436138e-01
 -7.042124e-02  117 8.503129e-01
 -6.859480e-02  118 8.538964e-01
 -6.411864e-02  119 8.627428e-01
 -5.894664e-02  120 8.730786e-01
 -5.816975e-02  121 8.746418e-01
 -5.282885e-02  122 8.854645e-01
 -4.825435e-02  123 8.948405e-01
 -4.351107e-02  124 9.046674e-01
 -4.256310e-02  125 9.066442e-01
 -3.704847e-02  126 9.182301e-01
 -3.526569e-02  127 9.220072e-01
 -3.296683e-02  128 9.269006e-01
 -2.921535e-02  129 9.349419e-01
 -2.632858e-02  130 9.411772e-01
 -2.260500e-02  131 9.492815e-01
 -1.868670e-02  132 9.578848e-01
 -1.612299e-02  133 9.635561e-01
 -1.160291e-02  134 9.736370e-01
 -9.231943e-03  135 9.789670e-01
 -5.287976e-03  136 9.878978e-01
 -3.422399e-03  137 9.921506e-01
 2.517975e-04  138 1.000580e+00
 2.887640e-03  139 1.006671e+00
 5.555529e-03  140 1.012874e+00
 8.558490e-03  141 1.019902e+00
 1.223735e-02  142 1.028578e+00
 1.483208e-02  143 1.034742e+00
 1.727012e-02  144 1.040567e+00
 2.172018e-02  145 1.051284e+00
 2.487304e-02  146 1.058944e+00
 2.723941e-02  147 1.064730e+00
 3.057075e-02  148 1.072928e+00
 3.499460e-02  149 1.083913e+00
 3.656824e-02  150 1.087848e+00
 3.916910e-02  151 1.094382e+00
 4.083103e-02  152 1.098578e+00
 4.522120e-02  153 1.109740e+00
 4.654746e-02  154 1.113134e+00
 4.919644e-02  155 1.119944e+00
 5.298479e-02  156 1.129756e+00
 5.518347e-02  157 1.135490e+00
 5.944662e-02  158 1.146692e+00
 6.250729e-02  159 1.154801e+00
 6.424914e-02  160 1.159442e+00
 6.661063e-02  161 1.165764e+00
 7.043545e-02  162 1.176076e+00
 7.240725e-02  163 1.181428e+00
 7.358161e-02  164 1.184627e+00
 7.679185e-02  165 1.193416e+00
 7.986368e-02  166 1.201887e+00
 8.185223e-02  167 1.207403e+00
 8.419723e-02  168 1.213940e+00
 8.568399e-02  169 1.218103e+00
 9.074944e-02  170 1.232394e+00
 9.255180e-02  171 1.237519e+00
 9.686822e-02  172 1.249880e+00
 9.719649e-02  173 1.250825e+00
 1.008278e-01  174 1.261327e+00
 1.060589e-01  175 1.276612e+00
 1.070379e-01  176 1.279493e+00
 1.098437e-01  177 1.287786e+00
 1.136212e-01  178 1.299036e+00
 1.143111e-01  179 1.301101e+00
 1.171444e-01  180 1.309617e+00
 1.191260e-01  181 1.315607e+00
 1.239592e-01  182 1.330329e+00
 1.240510e-01  183 1.330611e+00
 1.272540e-01  184 1.340460e+00
 1.298762e-01  185 1.348578e+00
 1.324742e-01  186 1.356670e+00
 1.344453e-01  187 1.362841e+00
 1.379106e-01  188 1.373759e+00
 1.388438e-01  189 1.376714e+00
 1.407493e-01  190 1.382768e+00
 1.451610e-01  191 1.396886e+00
 1.462495e-01  192 1.400392e+00
 1.490437e-01  193 1.409431e+00
 1.503138e-01  194 1.413559e+00
 1.536642e-01  195 1.424506e+00
 1.556889e-01  196 1.431162e+00
 1.558372e-01  197 1.431651e+00
 1.605011e-01  198 1.447109e+00
 1.612790e-01  199 1.449703e+00
 1.612790e-01  200 1.449703e+00
 1.665817e-01  201 1.467512e+00
 1.675121e-01  202 1.470659e+00
 1.682877e-01  203 1.473288e+00
 1.719618e-01  204 1.485805e+00
 1.769212e-01  205 1.502869e+00
 1.773033e-01  206 1.504192e+00
 1.795404e-01  207 1.511961e+00
 1.836336e-01  208 1.526278e+00
 1.859208e-01  209 1.534337e+00
 1.862564e-01  210 1.535523e+00
 1.917789e-01  211 1.555174e+00
 1.932824e-01  212 1.560567e+00
 1.940770e-01  213 1.563425e+00
 1.995126e-01  214 1.583115e+00
 2.011391e-01  215 1.589056e+00
 2.015476e-01  216 1.590551e+00
 2.055274e-01  217 1.605194e+00
 2.088384e-01  218 1.617478e+00
 2.100277e-01  219 1.621913e+00
 2.100277e-01  220 1.621913e+00
 2.192598e-01  221 1.656761e+00
 2.192598e-01  222 1.656761e+00
 2.212888e-01  223 1.664519e+00
 2.298119e-01  224 1.697508e+00
 2.298119e-01  225 1.697508e+00
 2.298119e-01  226 1.697508e+00
 2.333944e-01  227 1.711569e+00
 2.343652e-01  228 1.715399e+00
 2.378854e-01  229 1.729360e+00
 2.386345e-01  230 1.732346e+00
 2.426224e-01  231 1.748326e+00
 2.426224e-01  232 1.748326e+00
 2.450601e-01  233 1.758167e+00
 2.536774e-01  234 1.793401e+00
 2.536774e-01  235 1.793401e+00
 2.536774e-01  236 1.793401e+00
 2.746020e-01  237 1.881924e+00
 2.746020e-01  238 1.881924e+00
 2.746020e-01  239 1.881924e+00
 2.989408e-01  240 1.990402e+00
